15897530
15968009
16169887
16214598
16230722
16231970
16236177
16236737
16236738
16249417
16264158
16264159
16267322
16271642
16271643
16278358
16278360
16287954
16287955
16291062
16291063
16304073
16306522
16321158
16321761
16330788
16330790
16339095
16339220
16352794
16356945
16361020
16361021
16365466
16380589
16382061
16382063
16391217
16394080
16394299
16399150
16400382
16403928
16407508
16407509
16413875
16413878
16418463
16421364
16421366
16430773
16449618
16452557
16452559
16467232
16467233
16467234
16467543
16467544
16467546
16478899
16478902
16481635
16481637
16488800
16489694
16489696
16490909
16493102
16495392
16495394
16495395
16503464
16507801
16510744
16510745
16520452
16520474
16525137
16525138
16525139
16531614
16531616
16531618
16531619
16533938
16533939
16537662
16537663
16537665
16537725
16537737
16540613
16546539
16551963
16554525
16554526
16571878
16585662
16595757
16597660
16609086
16611950
16622139
16622140
16625008
16628299
16636211
16648042
16648043
16670135
16670409
16672699
16679331
16684985
16687711
16687712
16689987
16698410
16698412
16702494
16705107
16707748
16713921
16714187
16714767
16716211
16716214
16720619
16722590
16723614
16729326
16754727
16754728
16757722
16758521
16760445
16765759
16772623
16772624
16772625
16775234
16782488
16782490
16785475
16785477
16804151
16807414
16816054
16816060
16816065
16818810
16829296
16831228
16831964
16836672
16837676
16843192
16847290
16855264
16864730
16864756
16864757
16870914
16875985
16877725
16880310
16880313
16882343
16882959
16885182
16885550
16887481
16890832
16894061
16899775
16904537
16905024
16905783
16905785
16905786
16908730
16908795
16914701
16914703
16925569
16926353
16939737
16943402
16946216
16949481
16957147
16960779
16962882
16965196
16968847
16971716
16971718
16980114
16980380
16980879
16990383
16990384
16990385
16990386
16990605
16997664
17000937
17000941
17005051
17005948
17005949
17006921
17011942
17012043
17015867
17018123
17021318
17021319
17021321
17027730
17029131
17030655
17035647
17035649
17041858
17043337
17045887
17046465
17046467
17050889
17050890
17054789
17058231
17060544
17065639
17065671
17077229
17077234
17077374
17079762
17084252
17090650
17093247
17093248
17093249
17098084
17101615
17101640
17105759
17108343
17116917
17119140
17119141
17135583
17135584
17145742
17151364
17159021
17167134
17167137
17174632
17174704
17179457
17194267
17215530
17215531
17227587
17239798
17244788
17245174
17257476
17258088
17258690
17259188
17264729
17267907
17284127
17287313
17299195
17301105
17307170
17321311
17329511
17353373
17368152
17372153
17387132
17387446
17388708
17392295
17392300
17392302
17392539
17392721
17394956
17400850
17404119
17409323
17416261
17418297
17420366
17426276
17426277
17448820
17466227
17470735
17470830
17476010
17494925
17502459
17502467
17502505
17503986
17507345
17507703
17509486
17513173
17513708
17515447
17517855
17519409
17525777
17538085
17541653
17556697
17557948
17560635
17560680
17561796
17563856
17573044
17573387
17576937
17579200
17584491
17586030
17595270
17596485
17601897
17617272
17630036
17634458
17634459
17635889
17642037
17652648
17658393
17658394
17658395
17664498
17665424
17666472
17666600
17666608
17667565
17671253
17679016
17679729
17683643
17686822
17686832
17687129
17694216
17694552
17698683
17699416
17699816
17707751
17707752
17711927
17715389
17717203
17720019
17761590
17761592
17763439
17765429
17785709
17804841
17804843
17804844
17822557
17822565
17845589
17846226
17846268
17851130
17854242
17872488
17881751
17888856
17890470
17898099
17901414
17901415
17901792
17909125
17910637
17911499
17912368
17920918
17925428
17925516
17934114
17948223
17949673
17954800
17959855
17960012
17960013
17963864
17976537
17978289
17980021
17980667
17981912
17982182
17984237
17986493
17989308
17989382
17989384
17990139
17997151
17998490
17998491
17998493
17998546
18003960
18021411
18024211
18024436
18025315
18030084
18032762
18032763
18034602
18039957
18042917
18046028
18048644
18050189
18052570
18053191
18055730
18068035
18071030
18083065
18084623
18094378
18096059
18096708
18156492
18158291
18159246
18160686
18164324
18165460
18166547
18166563
18175740
18178111
18178525
18182599
18184957
18184958
18187561
18190651
18191528
18191684
18192510
18192671
18195173
18195175
18195176
18202351
18204830
18206507
18206857
18207016
18207164
18212313
18215105
18222192
18222352
18226581
18227526
18237269
18238962
18245398
18249033
18251624
18252902
18253503
18256393
18256395
18260764
18268073
18268174
18270352
18272093
18272546
18272891
18272892
18279736
18280329
18281242
18281394
18282805
18287602
18296121
18299546
18308250
18311814
18312042
18312050
18314433
18316660
18316672
18316700
18316791
18319412
18325386
18332291
18334689
18337600
18339788
18339790
18342684
18346503
18348596
18349311
18354721
18358928
18362366
18362603
18364345
18374840
18378631
18379729
18387850
18387931
18390985
18396107
18400084
18400558
18401223
18403765
18413496
18414904
18417444
18420499
18420500
18423628
18426998
18430909
18430910
18439279
18441370
18441371
18443762
18445662
18448749
18450870
18450881
18451319
18455517
18457586
18458170
18460663
18466043
18468736
18469027
18471061
18474099
18474762
18474769
18477782
18477783
18479744
18480205
18482659
18490378
18490561
18492867
18497677
18499184
18499565
18504251
18505951
18509084
18511703
18512043
18515185
18515507
18515515
18515521
18520231
18522501
18522979
18525036
18539916
18539917
18540943
18544577
18549844
18559163
18561930
18565399
18565860
18565861
18566461
18566924
18572080
18576334
18590344
18590345
18591307
18591547
18595990
18596969
18598362
18599569
18606901
18606913
18612102
18613959
18615004
18616688
18616811
18617492
18619874
18620949
18623174
18625762
18632181
18641094
18641099
18644065
18648237
18650514
18653575
18655841
18656877
18663165
18665000
18669424
18671877
18672190
18678823
18678838
18678842
18681749
18684848
18687132
18694338
18698359
18703471
18713945
18714059
18715434
18719059
18726086
18728266
18752430
18753661
18753925
18757088
18757089
18757090
18757238
18759293
18760148
18762591
18762599
18764771
18765162
18768432
18769450
18771667
18779236
18779447
18780832
18783876
18784101
18786762
18787216
18789766
18791359
18795960
18799354
18799512
18799557
18805335
18809631
18815396
18819705
18823363
18824641
18827122
18827129
18829240
18829776
18832239
18832520
18839781
18840838
18843118
18845704
18846045
18852398
18852411
18854539
18855809
18855822
18922041
18922099
18923067
18923311
18926433
18927130
18930568
18931095
18931344
18941347
18945928
18946061
18946063
18946064
18946341
18948801
18952561
18954843
18957506
18971381
18971491
18973936
18974308
18975369
18977646
18978105
18984559
18984888
18985740
18986246
18988231
18990046
18991508
18992650
18996523
18997197
19001195
19001265
19001507
19001508
19012818
19013107
19015206
19015207
19015393
19015469
19017911
19018250
19022547
19029500
19031925
19032759
19037029
19038680
19052124
19052125
19052126
19054318
19054529
19056591
19056618
19064822
19064841
19064853
19066368
19066370
19066382
19066383
19070891
19074928
19081393
19081414
19084894
19084895
19086814
19090503
19092145
19092152
19092350
19092351
19095497
19096013
19102734
19106083
19106084
19109962
19110359
19114612
19114617
19116896
19117345
19117865
19117896
19117897
19118066
19120333
19122548
19125992
19126811
19127975
19130989
19135348
19135415
19135997
19139319
19139323
19139332
19139333
19141433
19141576
19141862
19144677
19144937
19151389
19153263
19154581
19155060
19155456
19155896
19155899
19157776
19158200
19164187
19165689
19166444
19167685
19167733
19171723
19171853
19175499
19176454
19176796
19177420
19179484
19187170
19187327
19188334
19188505
19188529
19191652
19195772
19196482
19196673
19200384
19204228
19204798
19209097
19210140
19210145
19211470
19213680
19213683
19216016
19216617
19220143
19222627
19228415
19228612
19230772
19232039
19236727
19237716
19237720
19242384
19244158
19245711
19249413
19249634
19254128
19264239
19264245
19265345
19265494
19267264
19269895
19270260
19270751
19273785
19277602
19281920
19282241
19284927
19286847
19289640
19289857
19297314
19297344
19299471
19300114
19307014
19307987
19309326
19317607
19318384
19318651
19318652
19318991
19321268
19321573
19326598
19329003
19331435
19332455
19332456
19332467
19336502
19339401
19339720
19340512
19345145
19349308
19349317
19349629
19351941
19359142
19362675
19363221
19366446
19366774
19366777
19366972
19366978
19368503
19369372
19369376
19371887
19375217
19378225
19379517
19380175
19380660
19380868
19386937
19387176
19388861
19394894
19404806
19406289
19406290
19406981
19408036
19410035
19410716
19410976
19411100
19413144
19415122
19417580
19418075
19422296
19422443
19422982
19423725
19427992
19428297
19433134
19433697
19433702
19433778
19436015
19439741
19440247
19441605
19441980
19443532
19443659
19446324
19451441
19454920
19455040
19457248
19458363
19458364
19463427
19463432
19464030
19465881
19467149
19470620
19470987
19474112
19474425
19476428
19476479
19479072
19479782
19487593
19491183
19491386
19491535
19493565
19494215
19497249
19502017
19504715
19506174
19508159
19508731
19508973
19509014
19509175
19513632
19515413
19516032
19524577
19524963
19531784
19535099
19535188
19535425
19539214
19539361
19541818
19542735
19546387
19546476
19546477
19546766
19548294
19549054
19549290
19549699
19549740
19553296
19553300
19553641
19553646
19554094
19555938
19557167
19558344
19559419
19559476
19560764
19562254
19564474
19568773
19570717
19570764
19573497
19573904
19574441
19576353
19577636
19577745
19581545
19584400
19586656
19592632
19593174
19594305
19594501
19595557
19597050
19597072
19597422
19601709
19604722
19605408
19605831
19608026
19608137
19614621
19615091
19617207
19617584
19618230
19621342
19621454
19624460
19625549
19625712
19626694
19632624
19632716
19635999
19636010
19636533
19640572
19641203
19643599
19643983
19647866
19648168
19648970
19650752
19651939
19651954
19652055
19652067
19652108
19652630
19656525
19657114
19657122
19664300
19664754
19671919
19673651
19675193
19679246
19682735
19683638
19683639
19684043
19686522
19687327
19687399
19688338
19690306
19692680
19692688
19695549
19695955
19696651
19701032
19701033
19701035
19701041
19702708
19704057
19704093
19706858
19706886
19709754
19709787
19710500
19710593
19711440
19712979
19713152
19714604
19714615
19714630
19716960
19716961
19717184
19717844
19717846
19720420
19720642
19720915
19720927
19723695
19724055
19726771
19728887
19729666
19730274
19734131
19735542
19738134
19738139
19741604
19744339
19745216
19747748
19748319
19750190
19751237
19752419
19752420
19753300
19756236
19758359
19760233
19761838
19765321
19767089
19767090
19767508
19771508
19775434
19776406
19776407
19778774
19782873
19783666
19786448
19786927
19788736
19789316
19797280
19797305
19798725
19801201
19801505
19804441
19804455
19805455
19808265
19808511
19809295
19812460
19813252
19814793
19815268
19815809
19816190
19819004
19820270
19821654
19821755
19826022
19826023
19828278
19828373
19828532
19828714
19829124
19833819
19842973
19843899
19843914
19846059
19846848
19846851
19850691
19853906
19854499
19856395
19857081
19858703
19858707
19858725
19858762
19864409
19874586
19875337
19875425
19875605
19875685
19877969
19878986
19879222
19880495
19880498
19880906
19880908
19880909
19884643
19886836
19889819
19890073
19890125
19890127
19892673
19895780
19897055
19897179
19897418
19901191
19906561
19909747
19910250
19914605
19915221
19915222
19915292
19916705
19917887
19918088
19919585
19920051
19920054
19920236
19921145
19922878
19923168
19923205
19923377
19923475
19923528
19925875
19926634
19930331
19931408
19932356
19933540
19933787
19933994
19935017
19935020
19935032
19937046
19937992
19939985
19940299
19948038
19948568
19953707
19955104
19958860
19962805
19965667
19966072
19996018
19996069
19996349
19996415
20001651
20003269
20003515
20006356
20007809
20008425
20008710
20008831
20008941
20008943
20010088
20012343
20012639
20015886
20018280
20018365
20018959
20019369
20026597
20027030
20027034
20030854
20031382
20031753
20035187
20035530
20035583
20036378
20040088
20040554
20040610
20041945
20042442
20045568
20045791
20046132
20048227
20051130
20051465
20054046
20061070
20065212
20065219
20067838
20068208
20071701
20079528
20083690
20083751
20087154
20087581
20088690
20088934
20089960
20091678
20093894
20093899
20093904
20093909
20095074
20097417
20101008
20101593
20102271
20102876
20103757
20103758
20106720
20109864
20110022
20111582
20111599
20116841
20118767
20121708
20122374
20123670
20124144
20124218
20124230
20124511
20124563
20127832
20129549
20133263
20133465
20133895
20134405
20138043
20139093
20140214
20140250
20142553
20142594
20144231
20144246
20145608
20147715
20147717
20150324
20152214
20154071
20154213
20156348
20170502
20171415
20172912
20174642
20174950
20175406
20175977
20177294
20179283
20181120
20181971
20185783
20188071
20188202
20188503
20189026
20189491
20189513
20191922
20192725
20194866
20194878
20194880
20197425
20199137
20200197
20200383
20203173
20203244
20205074
20207347
20207638
20210522
20211560
20212264
20214527
20214665
20215934
20216298
20222968
20226548
20226618
20227053
20228403
20231324
20231531
20231565
20234331
20238255
20298563
20298564
20299316
20299628
20299957
20303115
20304399
20306476
20308641
20308670
20308671
20332351
20332352
20334992
20335583
20338746
20338954
20347506
20350189
20350190
20350191
20353434
20353469
20353551
20354183
20354809
20357281
20357375
20358216
20361901
20363090
20363366
20364383
20368313
20368434
20368520
20370912
20375404
20375405
20378407
20378927
20379145
20381283
20382445
20384598
20385935
20393175
20393176
20398925
20400412
20400552
20400682
20402591
20403021
20404280
20404381
20406576
20407035
20409337
20410233
20412178
20413602
20413741
20417856
20417857
20417925
20418370
20421455
20424554
20426834
20427496
20427778
20429832
20434400
20435233
20435798
20435858
20435865
20437315
20439572
20439601
20439622
20439832
20441725
20442368
20442386
20446945
20447648
20448107
20451404
20451663
20453723
20455886
20456213
20457158
20457949
20457959
20458050
20460548
20461357
20462662
20463176
20472114
20472253
20472937
20472939
20478863
20478877
20479459
20479938
20483968
20483969
20484101
20484446
20484456
20484482
20492667
20492840
20493771
20494268
20494931
20497573
20497755
20500134
20502283
20504126
20505173
20505177
20506122
20507651
20507953
20509796
20511662
20513826
20513828
20516155
20519658
20519680
20522795
20522796
20523092
20525274
20525721
20525992
20529203
20530034
20530299
20530316
20537810
20538985
20542898
20545688
20546561
20547978
20551376
20551460
20552926
20554319
20554904
20554978
20557330
20562609
20564111
20567177
20570343
20574412
20576091
20579539
20579648
20581391
20581420
20582937
20585012
20587587
20588151
20591171
20592248
20592293
20595196
20595412
20595516
20598968
20599337
20601395
20606148
20606150
20609467
20609468
20615252
20617532
20619242
20619405
20624650
20625110
20625263
20628129
20629812
20630061
20630463
20631232
20632263
20634174
20634186
20634268
20642198
20643699
20644121
20646266
20647199
20647562
20650437
20651013
20655544
20660224
20660806
20660832
20665344
20665875
20666584
20668151
20668152
20668885
20668969
20669280
20670323
20671099
20671118
20672447
20673344
20673547
20673995
20674774
20679165
20679528
20679559
20679587
20682671
20682932
20682933
20683334
20683637
20687940
20687947
20688574
20688744
20691553
20691830
20693248
20698927
20701962
20705534
20705755
20708966
20709233
20710088
20711481
20713848
20713903
20713962
20716302
20717848
20718773
20721537
20723799
20724742
20728210
20728932
20729148
20729538
20729729
20732631
20732794
20733135
20733445
20733448
20736446
20736448
20736449
20736470
20736471
20736987
20739054
20739842
20795819
20797774
20800380
20802164
20802250
20803391
20805433
20806988
20807873
20809967
20812020
20812783
20813583
20817153
20817281
20818855
20818862
20818875
20818876
20818903
20818904
20819968
20819978
20820795
20823097
20823169
20823381
20823433
20825792
20825901
20825986
20826249
20826630
20826719
20828829
20829340
20831465
20831796
20833591
20833820
20833822
20834185
20835586
20836856
20837284
20837499
20837847
20837887
20837917
20838998
20841416
20842129
20843245
20843246
20843247
20846441
20846599
20847081
20848369
20850152
20852059
20852060
20854181
20855800
20857372
20859151
20859313
20859612
20860504
20861218
20864577
20864611
20868284
20868642
20870753
20870863
20872083
20874515
20875102
20875492
20876174
20876405
20876408
20876500
20878265
20878389
20879880
20879881
20880595
20881025
20881069
20882668
20884658
20920156
20920764
20920772
20921541
20921898
20923544
20923629
20924011
20925534
20925544
20925545
20925688
20925950
20926533
20929341
20929592
20930086
20933466
20934572
20937127
20937930
20937945
20937993
20939732
20939913
20940381
20942667
20943209
20945468
20946227
20947286
20951424
20956641
20956707
20957693
20959530
20961243
20961244
20961818
20964826
20965379
20965491
20965785
20966692
20970380
20970382
20970896
20971744
20973707
20973982
20975012
20979471
20980485
20980658
20981545
21030409
21030492
21030558
21030579
21030612
21030700
21034476
21034680
21034891
21035177
21036880
21040558
21041576
21041592
21041705
21045179
21045734
21047225
21048953
21051458
21051731
21059176
21059830
21060024
21060036
21060040
21062997
21062998
21067351
21067382
21067735
21072184
21078416
21078810
21079154
21080009
21081728
21083385
21083386
21085635
21086246
21087331
21087463
21091062
21091279
21091740
21092279
21093036
21095488
21097734
21098435
21098771
21099596
21105792
21106282
21107104
21115606
21118280
21120303
21121833
21122063
21123095
21123449
21126973
21127322
21128814
21129762
21130382
21130386
21131552
21133980
21134985
21135327
21139110
21143077
21143878
21144968
21145834
21146279
21147030
21147688
21149742
21149743
21150563
21152030
21156071
21156772
21156950
21159786
21159787
21161222
21167315
21169065
21169856
21170669
21173002
21173006
21173294
21173699
21177912
21178763
21178824
21183586
21187303
21188121
21190455
21193696
21199268
21199294
21199963
21203519
21203878
21204803
21205715
21207071
21207237
21208101
21208106
21208579
21208583
21208974
21209029
21209033
21209140
21211990
21212770
21215445
21216197
21216835
21216860
21217080
21219979
21220472
21220657
21220660
21223344
21223542
21224456
21224458
21227624
21228246
21232620
21232664
21233014
21233310
21233311
21235821
21240480
21242556
21245182
21247312
21247313
21247627
21248359
21251705
21252735
21254162
21262599
21262883
21262884
21262997
21267044
21267072
21269454
21270174
21271793
21273493
21277410
21277694
21282194
21282542
21282560
21282579
21283981
21285389
21286241
21288078
21289257
21289531
21291510
21293986
21294869
21294997
21295639
21296824
21297494
21299274
21300307
21300466
21304070
21304082
21306237
21306277
21309657
21310379
21310829
21311578
21311694
21312329
21315441
21316752
21317170
21318594
21318932
21323540
21324184
21324520
21325466
21325473
21325963
21330385
21334018
21334569
21338492
21339418
21339423
21339701
21343383
21343760
21343767
21345726
21346609
21346616
21346734
21348568
21349239
21349456
21350366
21352516
21353105
21355097
21355967
21359953
21360491
21362764
21366472
21366475
21367351
21367352
21372302
21372306
21376385
21383086
21383263
21383275
21383282
21384219
21385346
21386089
21386092
21388442
21390262
21393326
21395878
21396703
21397260
21397284
21397567
21397868
21402547
21406610
21406646
21408154
21410369
21410393
21414216
21414654
21415050
21415269
21419408
21419704
21420678
21421179
21422304
21422847
21422864
21428727
21429214
21430254
21436212
21439633
21440036
21440300
21441100
21443536
21443790
21444871
21444883
21444917
21445287
21445680
21448355
21450580
21450987
21453882
21454456
21454813
21454917
21456091
21457567
21458812
21459374
21459430
21459588
21459795
21459815
21461792
21464382
21467183
21467701
21467949
21470671
21470815
21471093
21471568
21473965
21475006
21475140
21476613
21476945
21477202
21480966
21480984
21481577
21481640
21481713
21482186
21482964
21484766
21485024
21486975
21488763
21489874
21492926
21493792
21494336
21496468
21496800
21502083
21502553
21502572
21502757
21504485
21504563
21505058
21510905
21512577
21513473
21513539
21513761
21514932
21515198
21518322
21518942
21518985
21519309
21521833
21521834
21523798
21524193
21524303
21525194
21526923
21527129
21527169
21527516
21529904
21531233
21536607
21536693
21541021
21542913
21543530
21545947
21545948
21546500
21548986
21549867
21550957
21552183
21553933
21555600
21555712
21557440
21557878
21558357
21558517
21561347
21561960
21565796
21566092
21566232
21566420
21569373
21570352
21570355
21570685
21571150
21572151
21572152
21575967
21576282
21576556
21586712
21586714
21593252
21593290
21593292
21593294
21593352
21593355
21594719
21594900
21596735
21596740
21596852
21596994
21600524
21600759
21606084
21606131
21606394
21606412
21606530
21607562
21609134
21610270
21610513
21612468
21613261
21613427
21613795
21618499
21621252
21621834
21621992
21623240
21623761
21628364
21630308
21631321
21633074
21635363
21635709
21636667
21636861
21638277
21639806
21639808
21639810
21639811
21640651
21641354
21642681
21646583
21649633
21659356
21659360
21663949
21664867
21667134
21668961
21668975
21670457
21670611
21670715
21673350
21674393
21674396
21675055
21676229
21676394
21676990
21679712
21680644
21681652
21684151
21684668
21689098
21690592
21696982
21698100
21699842
21700776
21702900
21703101
21704887
21705063
21705273
21705765
21705897
21709064
21712241
21714641
21714645
21714999
21715313
21716130
21717386
21719096
21719599
21719618
21724838
21727232
21729732
21730256
21732212
21732797
21732836
21733058
21733508
21736730
21737072
21737787
21737826
21738668
21739497
21740082
21741057
21741089
21741471
21741642
21742485
21746992
21747013
21747052
21751904
21752238
21752462
21755013
21756035
21756320
21757643
21757677
21760724
21760916
21762873
21762907
21763935
21763936
21764215
21766228
21767441
21768541
21768544
21769849
21771924
21771987
21772125
21774843
21775113
21775749
21775755
21775837
21778259
21782353
21783417
21784145
21784297
21784508
21784734
21785475
21788584
21789167
21790503
21791356
21791473
21791687
21798883
21801246
21802939
21803011
21807324
21809337
21812991
21815133
21816832
21820521
21825283
21826527
21828142
21830957
21831266
21831297
21831418
21831711
21833452
21834960
21836107
21836143
21836147
21840602
21843336
21843688
21844075
21844490
21844879
21845241
21849168
21849481
21849603
21851602
21852252
21852337
21854503
21854593
21855974
21856483
21856841
21857944
21859484
21860292
21860294
21860347
21861914
21862407
21864137
21864865
21865944
21865947
21867844
21867991
21868284
21870978
21870979
21871635
21871686
21872209
21873632
21873895
21876564
21878237
21879896
21880336
21886365
21890590
21893621
21893650
21896561
21899409
21903370
21903477
21903775
21903957
21903984
21906302
21906390
21907749
21908707
21911650
21912514
21912659
21914162
21914165
21914207
21920335
21921092
21921224
21923756
21929768
21930607
21930653
21931078
21931541
21931661
21934055
21939529
21939549
21939822
21940214
21940765
21941283
21943032
21944261
21945130
21945174
21945310
21946218
21948693
21951354
21951987
21952267
21953370
21953611
21954280
21954478
21955465
21955650
21958326
21960587
21962393
21962415
21963957
21967830
21969011
21969340
21969362
21969418
21969420
21969517
21975110
21975322
21975821
21976674
21978972
21979458
21980445
21982052
21982660
21982700
21986347
21987241
21987582
21990298
21990564
21991949
21991950
21991951
21994233
21994343
21995388
21995648
21997548
21998076
21998477
21999886
22000794
22002075
22005709
22006233
22007005
22007645
22011412
22012004
22012809
22015077
22015710
22015991
22018124
22018631
22018679
22019520
22021102
22021369
22021620
22021883
22024002
22024004
22024489
22025146
22025430
22025453
22025591
22025606
22026962
22030240
22030751
22030902
22031659
22032247
22032711
22034996
22035463
22035573
22035806
22035956
22035976
22036776
22038032
22040192
22041948
22043118
22045673
22045986
22049179
22052584
22052619
22052893
22055846
22056152
22056247
22065255
22065532
22066521
22067102
22067397
22067400
22067717
22068990
22069382
22071707
22074851
22076253
22077106
22077236
22077869
22078072
22080629
22082198
22082672
22082722
22084157
22084195
22085317
22085343
22087077
22087222
22087555
22087680
22088966
22088980
22089242
22090168
22091574
22092152
22093213
22094635
22104549
22106236
22106377
22108765
22110166
22111718
22113871
22115634
22117586
22117890
22119204
22120766
22121069
22123796
22126534
22127692
22128201
22129252
22130488
22131599
22131908
22132138
22132950
22136324
22139886
22140424
22143257
22144539
22146280
22147712
22147778
22149875
22149959
22150035
22151296
22151478
22151886
22152089
22152230
22152402
22152405
22152650
22153774
22154039
22154591
22154766
22155140
22156332
22156333
22156542
22156917
22157880
22158386
22167112
22168590
22169620
22171925
22171999
22172244
22175654
22176941
22177085
22178121
22180427
22180621
22180731
22180732
22183105
22183208
22183220
22186009
22186564
22188239
22188558
22188731
22192488
22192847
22192967
22193561
22194858
22197127
22198448
22198979
22200383
22204724
22205307
22205317
22209361
22210086
22210571
22212248
22213770
22213771
22215654
22215866
22221014
22222076
22222143
22222193
22223235
22226517
22227638
22228827
22230154
22231150
22231904
22233865
22234714
22234716
22236222
22236392
22237690
22240180
22244781
22251024
22253393
22253488
22254197
22258271
22258545
22260216
22260297
22261206
22264765
22265034
22265386
22267714
22267750
22267829
22269279
22269589
22269590
22269592
22269593
22271896
22272611
22272750
22274684
22275399
22276821
22280855
22281388
22281416
22281797
22281799
22282104
22282182
22282884
22284022
22285055
22285168
22289649
22290281
22290823
22291982
22292592
22296075
22296076
22296967
22297150
22297674
22298568
22301476
22301929
22301931
22302316
22302662
22305026
22305837
22306849
22307571
22307881
22308240
22309470
22310081
22311903
22311905
22315471
22315486
22318095
22318279
22318373
22321518
22321770
22322081
22323303
22323509
22323576
22325357
22325452
22326925
22331037
22331380
22331646
22332206
22334806
22334808
22335737
22336189
22336574
22337568
22340088
22341565
22342106
22344353
22344613
22347369
22349069
22349588
22350679
22351714
22353604
22353614
22353950
22354206
22356323
22360152
22362253
22369102
22370530
22370531
22371186
22371462
22371876
22371887
22374408
22375971
22376375
22377591
22378730
22381025
22381711
22382879
22383993
22386286
22388706
22390815
22394386
22395144
22395527
22396313
22396517
22398963
22401633
22402975
22403000
22403047
22404128
22408206
22409309
22409388
22409644
22411658
22412114
22414611
22415951
22417254
22418088
22418809
22419732
22421192
22421222
22424252
22424519
22426346
22427678
22428786
22429765
22429800
22432104
22436955
22436957
22438367
22440088
22442346
22443213
22443231
22443293
22443479
22446170
22447809
22447880
22449224
22449293
22449317
22449319
22449646
22450429
22451421
22451437
22451449
22451450
22452356
22452807
22452894
22452895
22452896
22453048
22453568
22454251
22455564
22458601
22459779
22463614
22463922
22464310
22464647
22464760
22466348
22467697
22469621
22470077
22470921
22471345
22473217
22474203
22475563
22475593
22480131
22480442
22480818
22481227
22483327
22483418
22488002
22490331
22491410
22491916
22491953
22494121
22494428
22494488
22496084
22496116
22496161
22497929
22500920
22503015
22503032
22503057
22503302
22504925
22505632
22506940
22507696
22508151
22508435
22508468
22508812
22509859
22510183
22512287
22512843
22512844
22515800
22516178
22517646
22518014
22520532
22521071
22521072
22522617
22523054
22527063
22529995
22530979
22531237
22534421
22535636
22535855
22537984
22540912
22541178
22544699
22544892
22545106
22545894
22547331
22549115
22549748
22551107
22551128
22551811
22554598
22560391
22560524
22560543
22563020
22563089
22565936
22566420
22566583
22568828
22570370
22571200
22571508
22572647
22572889
22575023
22576262
22578037
22578085
22581236
22584132
22585765
22586006
22586008
22586466
22589265
22589436
22590502
22591589
22591948
22595826
22596211
22607109
22607866
22608107
22608262
22610179
22610452
22612364
22612475
22612596
22613585
22617578
22618923
22619284
22619366
22622049
22624038
22627678
22627969
22627983
22633033
22633265
22633322
22640652
22640930
22647561
22648714
22648731
22649108
22650964
22651239
22653766
22653877
22653976
22654006
22656865
22657252
22658127
22658128
22658389
22659021
22659227
22659765
22659939
22660026
22660962
22661448
22661464
22663011
22664783
22669347
22670050
22670856
22670904
22676937
22677076
22678090
22681857
22682721
22682875
22683131
22686415
22686416
22688670
22689870
22691567
22692171
22694733
22694755
22694905
22697189
22697193
22698919
22700780
22700888
22701615
22703865
22704742
22705016
22706091
22706476
22708895
22709750
22710616
22716975
22717465
22719060
22721944
22721971
22722065
22722778
22723583
22731754
22733916
22735432
22737708
22738085
22742399
22742720
22743149
22743378
22744718
22745199
22747998
22748590
22748591
22749368
22749632
22751081
22751755
22758599
22761653
22762314
22762561
22763262
22765260
22766338
22772084
22773702
22776554
22777035
22777096
22777131
22777623
22778119
22778174
22780885
22780921
22781558
22782416
22782949
22784036
22784037
22784038
22784436
22784845
22787016
22790642
22791040
22792000
22795046
22795277
22797645
22801062
22801961
22802432
22803961
22807609
22808955
22808958
22813607
22815970
22818076
22819172
22821361
22821614
22822024
22824930
22828177
22828481
22828681
22830463
22831853
22834681
22835045
22835762
22835804
22836031
22836034
22836351
22837004
22837377
22839577
22839656
22840761
22842775
22843280
22847969
22849964
22850121
22851113
22851612
22852560
22857850
22858390
22859317
22860080
22862954
22863206
22863355
22863660
22863892
22865017
22867706
22868933
22870238
22873532
22873637
22874520
22879899
22880108
22880214
22882285
22882805
22885329
22891287
22892337
22893770
22894553
22898044
22898443
22898679
22901348
22901446
22901620
22901741
22902348
22902483
22903331
22909164
22914404
22914470
22915051
22915649
22917457
22917945
22920044
22920912
22921474
22921765
22921821
22922531
22924332
22925000
22926853
22927525
22931259
22932279
22932714
22932715
22932717
22933438
22936289
22936658
22936711
22938928
22939758
22939929
22943969
22945416
22946986
22948576
22948945
22951082
22954507
22957034
22957521
22958958
22959186
22959620
22961576
22964160
22969068
22969149
22970150
22972032
22974412
22977195
22978443
22978748
22980297
22980301
22980441
22981498
22982183
22984008
22985140
22985379
22987022
22990269
22992296
22995383
22995650
22995877
22996098
22998339
22998737
23000025
23000088
23001085
23001704
23002086
23002195
23006802
23008301
23009127
23010452
23012594
23013426
23018904
23022285
23024190
23025537
23026055
23031283
23031421
23032420
23033237
23033932
23033982
23036134
23036135
23036785
23040523
23041328
23041618
23047003
23051991
23052535
23054338
23055034
23058665
23059145
23059454
23059649
23060426
23063373
23064293
23065953
23067578
23069814
23070486
23071528
23073953
23074203
23075175
23075176
23075177
23075701
23079176
23085743
23087401
23091096
23095606
23095978
23095990
23098579
23098762
23099849
23102518
23105144
23108493
23113777
23113833
23113947
23114372
23116451
23116538
23117550
23117698
23117776
23117779
23118932
23121439
23122534
23124321
23124935
23125444
23128051
23128163
23128366
23129008
23129135
23129602
23129758
23131066
23131078
23136160
23136163
23141679
23142625
23144370
23144449
23146744
23146956
23149426
23151373
23152839
23152962
23153963
23154459
23158530
23158886
23159252
23159552
23164174
23164592
23168366
23169503
23169523
23171095
23171659
23172172
23172858
23177167
23177514
23177515
23179176
23180239
23180507
23181446
23182663
23182987
23183941
23184037
23184201
23185084
23186131
23186556
23186936
23188075
23190222
23192220
23192918
23193208
23196955
23200102
23203909
23204220
23204602
23205917
23206837
23207683
23208080
23208165
23209861
23210427
23210764
23211938
23212498
23215555
23216571
23216780
23217267
23218404
23218892
23219367
23219636
23221573
23224207
23225029
23227182
23228172
23228403
23228858
23229461
23229693
23230059
23232587
23234763
23234813
23237154
23237314
23239552
23239968
23242239
23242595
23243055
23247938
23248257
23250194
23250357
23251327
23252878
23253648
23254903
23256709
23258223
23258572
23260506
23260628
23265585
23265698
23266597
23268664
23269816
23269991
23270487
23271030
23271159
23271794
23273022
23274889
23277896
23277897
23281243
23281974
23283367
23287861
23288372
23290323
23290327
23290598
23290987
23292236
23292882
23293082
23295794
23297129
23300829
23303106
23303852
23305475
23312052
23314553
23315320
23315905
23316285
23325525
23325750
23325915
23327199
23327503
23328126
23331449
23332456
23333663
23335740
23335971
23338569
23339225
23339555
23343061
23343062
23343671
23343829
23348203
23349326
23349878
23352196
23352786
23356382
23357439
23358971
23359181
23359310
23361105
23362021
23362167
23363666
23364004
23364005
23364010
23364390
23368510
23369412
23370048
23370069
23370525
23370902
23374856
23375478
23376868
23377586
23380715
23382975
23383037
23384334
23384627
23388003
23388612
23389068
23389863
23390923
23391776
23392467
23392654
23393105
23393169
23393217
23394517
23394782
23395192
23395398
23396206
23396737
23398640
23400616
23402397
23404722
23406026
23406077
23406538
23406600
23406728
23410138
23412700
23414589
23415013
23417207
23418288
23418922
23419134
23422376
23422399
23424023
23424159
23425163
23426033
23426344
23426943
23428214
23429495
23429642
23433723
23433878
23435159
23435461
23439102
23439632
23440923
23445216
23446891
23446897
23452344
23452682
23453283
23453547
23454601
23456136
23456902
23459494
23460053
23460682
23460714
23461992
23464643
23467813
23471421
23471469
23471512
23471754
23472619
23473350
23473369
23473396
23473656
23475406
23477634
23477995
23478060
23478662
23479384
23480216
23482644
23483989
23484671
23488447
23489534
23491524
23493136
23493999
23497334
23497350
23497630
23497788
23498294
23498303
23500251
23500267
23500276
23503044
23506189
23506243
23508598
23512786
23513068
23513249
23514626
23515373
23517244
23517767
23519529
23519724
23523240
23523668
23525779
23525934
23527013
23529377
23531328
23532097
23532799
23533264
23536386
23536583
23536584
23537121
23537892
23537965
23538392
23539696
23541189
23542823
23545279
23545598
23547081
23548622
23548942
23549122
23550694
23551933
23553119
23553549
23553848
23555589
23555741
23557023
23557378
23559086
23559355
23560297
23562005
23562090
23562618
23563126
23564915
23565181
23566419
23567060
23567348
23572214
23572220
23573238
23580378
23580693
23581758
23582868
23583011
23583245
23583249
23583763
23585527
23586347
23588536
23589390
23589410
23589673
23591401
23593417
23593932
23594003
23595875
23595877
23600548
23602047
23604057
23606485
23607593
23607594
23608625
23608668
23611930
23613224
23613476
23615181
23615868
23616495
23620431
23621600
23622849
23623397
23624851
23625132
23627775
23627920
23628375
23628617
23631814
23632723
23633132
23633524
23633657
23635614
23635746
23635914
23635996
23636449
23637029
23637733
23639186
23641946
23642377
23642924
23644090
23644995
23645372
23647568
23647704
23648372
23648946
23650501
23659733
23660579
23663752
23664987
23665071
23665364
23665370
23667214
23667266
23672400
23675433
23676253
23678038
23682558
23683069
23683980
23684375
23688302
23688323
23689789
23690322
23690353
23692173
23696633
23698396
23700011
23701526
23702987
23704196
23704672
23704673
23704674
23704675
23704676
23704677
23704912
23706946
23706949
23708168
23708720
23710347
23713578
23715753
23716538
23718152
23718572
23719719
23720019
23720785
23723319
23723457
23724846
23724867
23726159
23726971
23728281
23729989
23730989
23731246
23731832
23733372
23734250
23735703
23735728
23735746
23739654
23740148
23740226
23742777
23742877
23744513
23747481
23748210
23748484
23750331
23752171
23753028
23753091
23754238
23754575
23754628
23755969
23757434
23757474
23758302
23760393
23760999
23761401
23761422
23761643
23762355
23764181
23764516
23768574
23769122
23769498
23770005
23770179
23771742
23772186
23773981
23775260
23778938
23780457
23782126
23782773
23782814
23784912
23784924
23786919
23788218
23788287
23790553
23790772
23792149
23792193
23793683
23796131
23796526
23796921
23797469
23797811
23799210
23800488
23801589
23801798
23803136
23803591
23808982
23809766
23810264
23810467
23810788
23812094
23812324
23812875
23812932
23816960
23816963
23817699
23817721
23819827
23821088
23823198
23824363
23828252
23829494
23829956
23830355
23835245
23835333
23835707
23837842
23838219
23838763
23838767
23839107
23840001
23841031
23841729
23842023
23842829
23845948
23847109
23849325
23850254
23851059
23857075
23860343
23860537
23860985
23861248
23861381
23863050
23864363
23866070
23868093
23868944
23871094
23871427
23871490
23874575
23874588
23876062
23877367
23878115
23878167
23880820
23881958
23882695
23883377
23883378
23886736
23887072
23887841
23890998
23891891
23893527
23894304
23895556
23895801
23896665
23897401
23897705
23900207
23900983
23902407
23902481
23902482
23902874
23910199
23915113
23915426
23916633
23916805
23916935
23918952
23920031
23920422
23922063
23922146
23924046
23924279
23924639
23925396
23926058
23927490
23929260
23932463
23934126
23935011
23936565
23939215
23939297
23939510
23940216
23941588
23942319
23942868
23942869
23944299
23945447
23945460
23946220
23947389
23948351
23951362
23953384
23955713
23956241
23958264
23958371
23959815
23963055
23964932
23964934
23965236
23965255
23965841
23966328
23967069
23968742
23969029
23969113
23972966
23973689
23973946
23974909
23978276
23979005
23979626
23982301
23982695
23983245
23984082
23984728
23985432
23986162
23987302
23988361
23988464
23991622
23991658
23994781
23995608
23998560
23998657
23999023
23999198
23999956
24002093
24002506
24002511
24003046
24004897
24005123
24005242
24006952
24006963
24007748
24009246
24010849
24010901
24011548
24012319
24012983
24013647
24014392
24014659
24016492
24020899
24021313
24021497
24022431
24022862
24023786
24024839
24025626
24025632
24026316
24026523
24026599
24026893
24027187
24029408
24030098
24030409
24030928
24030939
24030946
24035633
24039234
24047455
24047918
24047921
24048361
24049442
24052204
24053656
24055350
24055414
24055443
24055823
24057153
24057266
24063976
24065443
24066743
24067398
24067553
24070065
24074642
24076283
24076296
24076699
24077565
24077846
24077916
24080100
24085749
24086581
24088075
24088092
24090266
24091564
24093828
24094768
24096366
24097234
24098630
24101040
24101042
24101169
24101698
24102055
24103530
24105751
24106324
24106787
24106864
24106924
24108289
24108515
24109561
24112099
24112594
24116853
24117597
24119109
24119589
24119590
24119856
24120953
24121608
24122944
24124377
24125149
24125514
24126064
24130354
24130673
24131140
24131779
24132975
24134154
24135530
24135573
24135768
24135832
24138710
24138831
24139233
24139765
24139930
24140268
24145345
24145879
24146220
24148575
24150466
24150759
24156966
24158342
24158379
24159060
24159343
24161413
24163264
24168317
24168957
24170099
24170180
24170221
24170758
24178185
24180003
24184053
24184249
24186848
24186906
24187116
24189773
24190578
24191174
24191286
24193798
24195547
24196401
24203065
24203849
24204757
24205333
24206457
24206527
24209977
24210146
24210765
24211309
24212124
24215845
24216317
24216403
24218460
24219374
24220233
24222666
24223036
24224997
24225155
24225205
24225325
24225354
24225610
24226257
24227821
24228748
24237037
24238770
24239030
24239220
24240244
24240315
24240354
24240777
24240933
24244272
24244339
24245543
24246427
24247275
24247300
24247587
24249049
24251361
24251363
24252402
24252596
24253285
24254965
24256083
24257381
24257725
24261438
24262278
24263619
24267254
24275895
24276047
24276460
24276953
24277680
24279801
24281461
24284442
24284444
24284855
24290843
24295024
24295572
24297161
24302090
24303954
24304002
24305645
24307220
24310343
24311231
24311704
24312178
24314839
24315509
24315521
24316314
24316325
24319018
24321801
24322060
24322571
24323034
24326597
24327334
24327455
24329524
24330256
24330446
24330670
24330868
24331154
24331202
24331545
24334175
24335630
24335848
24336385
24341332
24342252
24342385
24344215
24345099
24345357
24345753
24346989
24349334
24349392
24352352
24354833
24354839
24355050
24355920
24357015
24360138
24360325
24361242
24362550
24365449
24368224
24368437
24368638
24368985
24369044
24369114
24373307
24375295
24375969
24376252
24378877
24381967
24382410
24388161
24388167
24388292
24388332
24391768
24393402
24393852
24397612
24398076
24398143
24399554
24401089
24401226
24401721
24402595
24405257
24406779
24410954
24410959
24411228
24411489
24412228
24412457
24414130
24418949
24420806
24420962
24421886
24421901
24422782
24423149
24423301
24424357
24425697
24428467
24432999
24433324
24435414
24436138
24439313
24439929
24439931
24440330
24440672
24442928
24445038
24445955
24446523
24446953
24448345
24449597
24450390
24450612
24450857
24450858
24452726
24456716
24458353
24460645
24461574
24463454
24463669
24464121
24464736
24464974
24466598
24467565
24470004
24471651
24473509
24474568
24475837
24484547
24485665
24486426
24489687
24491033
24491199
24492859
24493150
24493717
24495202
24496782
24498123
24498399
24500245
24502488
24503265
24504128
24505216
24507091
24508444
24509284
24509688
24512909
24512954
24516013
24516645
24519196
24520818
24522178
24523666
24526575
24526708
24528690
24529158
24529163
24530176
24531544
24531550
24534139
24534142
24534756
24535604
24535626
24549212
24549548
24550352
24552184
24552317
24552318
24556098
24559581
24560483
24560760
24562448
24563781
24564746
24564877
24565357
24565698
24568963
24571752
24576515
24576720
24576889
24581147
24582471
24582486
24582522
24585265
24585398
24585508
24585716
24589824
24590644
24591201
24594542
24594678
24595628
24595633
24597472
24598043
24602062
24604348
24607961
24609004
24610188
24615217
24615776
24615777
24615778
24616308
24618336
24618349
24618504
24621109
24621999
24622318
24622414
24622416
24622667
24622750
24623282
24624090
24625687
24626270
24626789
24627436
24629419
24630934
24632280
24634631
24635770
24635773
24636210
24636395
24637997
24639432
24642140
24642247
24642999
24643964
24644022
24645800
24645908
24646009
24646104
24648018
24650952
24651512
24652353
24652518
24652992
24653510
24655729
24656175
24657065
24657695
24657991
24658598
24658821
24659797
24662210
24662947
24664189
24665992
24666170
24666686
24667714
24670844
24671165
24674149
24674234
24675204
24676783
24676848
24678937
24678939
24679060
24679061
24679062
24680929
24684552
24684771
24684774
24687826
24693532
24694337
24697948
24698202
24699052
24699276
24699939
24703920
24705678
24706022
24708195
24710768
24710915
24711549
24716680
24716835
24717379
24720679
24720702
24720703
24720741
24721435
24722222
24722322
24722932
24723284
24725326
24725395
24725582
24726226
24727022
24728273
24730732
24731226
24731434
24732918
24733354
24733463
24733515
24733770
24736094
24736647
24738612
24738701
24739452
24739759
24739801
24740134
24740208
24740312
24743971
24746649
24751516
24752942
24753507
24755206
24756128
24756514
24756913
24758395
24758527
24762631
24763770
24764124
24764496
24767575
24767584
24768112
24768239
24768811
24774351
24775991
24777970
24778397
24786603
24788804
24793028
24793816
24793938
24794243
24794368
24794369
24794721
24795142
24795201
24795390
24796766
24798675
24799484
24799541
24801171
24801350
24802773
24803381
24804272
24804697
24805101
24805262
24807320
24807330
24807459
24807875
24810181
24811601
24812022
24812403
24814553
24816856
24818763
24820437
24821196
24821270
24821881
24821883
24824852
24825343
24825371
24826798
24827128
24830339
24835462
24835760
24836205
24836273
24836866
24837794
24838360
24838406
24838476
24839882
24840511
24840763
24840781
24842870
24843486
24843529
24843595
24843632
24843714
24843715
24844673
24846035
24847084
24848086
24849105
24850280
24852116
24852804
24854218
24854612
24856027
24856571
24866574
24866923
24867013
24872136
24872377
24874401
24875194
24875610
24876916
24880136
24880194
24880345
24881463
24881631
24881730
24882434
24882673
24884694
24884807
24885942
24888818
24891437
24894651
24896818
24898300
24898640
24899464
24901279
24901360
24906491
24906602
24908550
24908551
24910934
24912486
24912561
24912564
24912589
24914044
24915135
24915210
24915612
24915873
24916770
24916908
24919462
24919941
24922484
24925984
24928948
24929235
24929429
24929949
24931572
24932181
24933726
24934200
24937648
24942409
24943105
24944934
24948033
24948348
24950759
24951123
24954166
24957256
24958908
24960147
24963042
24963566
24963567
24963568
24968000
24969506
24970782
24970858
24973289
24974232
24974994
24975809
24980392
24981579
24981701
24982456
24982457
24982463
24982504
24983379
24985342
